EP_PlotID	Grazing	Mowing	Fertilization	Plant	Plant_SLA	Plant_N	Plant_P	Lichen	Moss	Arth_Herb	Arth_Omni	Arth_Pollin	Arth_Carniv	Arth_Decom	Below_Pred	Below_Decom	Fungi_Decom	Fungi_Pathog	Fungi_Symb	Fungi_Other	Protist_Bact	Protist_Euka	Protist_Omni	Protist_Paras	Bacteria	Soil_C	Soil_OrgC	Soil_N	Soil_P	Plant_Aerial_Biom	Plant_Root_Biom	Water_Recharge	Pot_Nitrification	Retention_N	Retention_P	Litter_Decomp	Root_Decomp	Dung_Removal	Seed_Removal	Herbivory_Rate	Mycorrhization_Rate	Parasitoid_Rate	Pollination_Rate	Pathogen_Rate	C_Flux	Nitrate_Flux	Ammonia_Flux
AEG01	0	1.95	2.288333333	29.54545455	3.292088623	2.2165	0.269666667	1	1	19.8	0	1.2	4.5	0.3	7	1	59	9	5.333333333	73.33333333	440	93.5	241	75	5643.5	4.357545449	84.98	160.5653598	40.71254461	339.4444444	2.486	600.4392579	1112.839828	1690.1	135.228005	0.737887556	18.03333333	0.199409372	0.848	0.021452977	14.35643325	9	132	NA	1.472586692	-0.785689076	-0.21166742
AEG02	0	2.7325	8.0275	18.3	3.314199242	2.587333333	0.298833333	0	2	18.3	0	0.4	3.6	0.2	5	1	66	18	4.333333333	96	378.5	72	207	59.5	4918	3.889616627	71.04	146.2443662	37.08463481	276.2166667	2.172	599.8446355	1411.059768	0	94.66005638	0.685803915	32.26666667	-0.166985482	1	0.004011736	NA	19	662	0.010795	1.001299594	-0.834064314	0.118609763
AEG03	0.056666667	1.863333333	1.183333333	29.36363636	3.222451471	2.247666667	0.228166667	0	1	24.6	0.1	1.4	4.8	0	7	1	48	7.666666667	2.666666667	61.66666667	442.5	79.5	225	67.5	4949.5	4.525396648	59.53	112.3608415	52.84344988	148.7333333	1.126	791.5129282	176.3077964	1988.4	188.4138689	0.625442945	14.63333333	-0.058110281	0.824	0.019754125	NA	2	510	0.018920625	-0.35295413	-0.252197778	-0.597184267
AEG04	0.771666667	0.9375	1.549166667	20.63636364	3.320667955	2.110333333	0.276166667	0	1	20.33333333	0.222222222	0.555555556	5.444444444	0.222222222	4	0	53	8.666666667	3	70.33333333	478.5	114	239.5	73.5	4386	4.019096588	44.31	70.23285973	50.72099646	305.3777778	0.512	574.1176049	8.663106998	1915.466667	169.6272679	0.638966975	30.43333333	-0.247067249	0.504	0.003355838	NA	24	NA	0	-0.915986156	0.181295366	-0.831037767
AEG05	0.7575	0.86	1.8475	21.72727273	3.313323607	2.595	0.280166667	0	1	19.9	0.1	0.5	4.8	0.2	8	2	67.33333333	11.33333333	3.333333333	74	491	100.5	249.5	79	5698	5.112406968	90.19	162.8279109	56.29511192	260.5888889	2.106	523.8838427	794.7525942	1917.6	164.8657316	0.695219605	30.93333333	0.89336555	0.856	0.010277071	28.7128665	31	534	0.0003255	0.729259017	-0.541029903	-0.032763339
AEG06	2.1175	0.9375	1.475	30.09090909	3.289395486	2.199	0.244833333	0	2	21.33333333	0.111111111	1.111111111	3.666666667	0.333333333	6	0	61.33333333	10.66666667	4.333333333	80.66666667	456	97.5	233	71	5486	5.460047238	82.74	147.2675727	54.21089073	293.6111111	1.86	547.4309575	630.8925133	1224.3	172.0309445	0.64688513	24.93333333	0.266107999	0.06	0.004881617	18.1709445	50	315	NA	0.369422766	-0.312734751	0.186568944
AEG07	0.273333333	0	0	44	2.978347816	1.9045	0.149333333	16	13	18.5	0	1	4.1	0.2	3	0	28	1.333333333	3.333333333	46.33333333	336.5	61	202.5	42.5	3992.5	4.131555323	52.8	85.01795209	31.70535055	43.39444444	1.46	477.6953717	65.78749775	1960.9	190.190036	0.448045437	22.7	0.092194188	1	0.017131289	NA	51	236	0.0003035	-1.008271105	-0.013979624	-0.629260454
AEG08	0.701666667	0.9375	0	41.81818182	3.012397297	1.8995	0.188	4	7	16	0	0.4	2.6	0.1	8	1	53.33333333	4.333333333	1.666666667	73	490.5	95.5	264.5	57	5113	4.948870395	86.14	140.7886624	51.62601858	153.85	3.212	762.4741445	248.0425563	1930.933333	169.2690026	0.576700377	19.66666667	1.167305956	1	0.002043385	25.522548	8	142	0.002094	0.66902493	-0.189030118	-0.534394536
AEG09	0.541666667	0	0	47.90909091	2.955746833	1.907333333	0.137	8	11	23.1	0	1	3.8	0	5	2	58	4.666666667	6.333333333	71.33333333	471	79	267	51	4890.5	4.240672558	70.27	100.2775284	40.18164764	107.4388889	2.62	620.8762302	34.53906988	1978.633333	188.9170192	0.449654892	22.93333333	0.239889	1	0.008247005	19.8354585	86	221	9.15E-06	-0.472460534	0.010773989	-0.774507295
AEG10	0.0275	1.025	0	42.54545455	3.034031374	1.955333333	0.1565	0	5	20.5	0	0.9	4.9	0.2	5	3	51.33333333	5.333333333	3.666666667	80.66666667	513.5	97	275	63.5	5205	4.794850833	93.71	164.1716693	52.42011058	238.4722222	6.242	616.9501513	568.977086	1937.933333	181.9915922	0.583711507	21.9	0.009964055	0.104	0.005246274	17.26933275	7	310	0.00215505	0.364720742	-0.142277443	-0.642586664
AEG11	0	2.895833333	1.869166667	30.72727273	3.245351047	2.041833333	0.2565	0	3	18.5	0	0.4	4.9	0.1	4	0	53	10	4	77.66666667	507.5	93	247.5	70	5048.5	4.314253863	62.61	92.62554762	53.91091783	282.5666667	1.756	624.688137	56.735	1845.028922	189.4918882	0.53333707	21.13333333	0.180313248	0.968	0.051997554	17.0612685	NA	NA	0.0003875	-0.416710637	-0.268673012	-0.64317098
AEG12	0	2.028333333	2.526666667	28.81818182	3.272666942	2.079166667	0.264333333	0	1	19.9	0	1.1	5.1	0.3	5	0	60.66666667	10.33333333	2.666666667	89	457	96.5	242	78	5462.5	5.64976474	67.54	115.1558356	20.71994252	341.5111111	1.842	572.2761804	909.492544	1661.258506	70.8347488	0.676885861	22.25	-0.063837586	0.552	0.009159884	NA	13	314	NA	0.260368198	-0.369351255	-0.075689223
AEG13	0	1.95	2.851666667	23.45454545	3.291369424	2.049333333	0.270833333	0	1	19.1	0	0.7	3.2	0.3	6	1	72	12.66666667	5.666666667	96.33333333	474.5	97	234	77	5219	5.102656994	68.43	115.1273925	39.1859169	374.3555556	4.43	534.3091236	576.759969	1150.727231	124.4987894	0.67873896	22.2	-0.16872393	0.744	0.005568369	15.258045	7	105	0.072015	-0.06634075	-0.275116948	-0.34134439
AEG14	0	1.875833333	4.500833333	26	3.225233682	2.274166667	0.264166667	0	4	16.375	0	0.75	3.25	0.125	3	1	65.33333333	10.66666667	5.666666667	83.33333333	496	105	262	79	5687.5	3.692424873	61.27	113.3586392	44.78021743	217.9333333	1.112	629.5193036	558.879848	1700.069766	170.7914639	0.689647215	22.1	0.253956032	0.87	0.027226314	NA	NA	475	NA	0.380246772	-0.194286479	0.059927244
AEG15	0	2.8125	6.160833333	26.18181818	3.26352629	2.101	0.274	0	1	21.4	0.2	0.6	3.1	0.3	8	1	52.33333333	8	3.333333333	61.66666667	417	86	206.5	67.5	5502.5	3.534994974	63.62	91.24618688	64.76378868	254.0666667	3.166	686.3921858	254.8133471	1934.066667	133.8332509	0.61742294	32.73333333	-0.192874912	0.48	0.002310011	NA	NA	200	0.0001515	-0.346041964	-0.084855302	0.179348423
AEG16	0.903333333	1.170833333	0.921666667	30.1	3.233105104	2.209833333	0.288166667	0	0	9.666666667	0	0.444444444	2.666666667	0.111111111	7	0	66.33333333	11.33333333	5	71.66666667	482.5	97.5	250.5	86	5393.5	4.085371034	59.98	115.3888344	51.19356104	205.01875	0.646	587.1943844	544.2284242	1827.821011	183.2190496	0.692124413	22.63333333	0.342587723	0.52	0.010479206	18.37900875	NA	362	0.05916	0.262747151	-0.224333783	0.257670105
AEG17	0	2.099166667	1.759166667	37	3.185912014	2.034666667	0.2325	0	2	21.2	0	1.2	4.2	0.4	6	0	55.66666667	8.333333333	1.666666667	83.33333333	433	78	212	73	5758.5	4.858141348	64.68	122.2242555	45.4129074	153.1944444	0.366	684.4379799	380.5918156	1978.166724	170.9850235	0.669691225	24.93333333	0.162799163	0.232	0.011202383	15.9515925	NA	430	0.0090074	-0.283129745	-0.19631201	-0.524117529
AEG18	0	2.494166667	5.006666667	24.63636364	3.294897921	2.087	0.273333333	0	1	11.6	0	0.5	3.7	0.1	3	2	50	11.33333333	4.666666667	64.66666667	423	76	192.5	72.5	5083.5	4.054754796	62.14	135.5287026	37.16095204	311.4611111	0.156	661.6744233	780.6146059	1388.916667	53.84699032	0.68747512	16.83333333	0.557052211	0.064	NA	16.15965675	3	451	0.00808	0.021200783	-0.40151914	-0.327244246
AEG19	2.709166667	0.621666667	1.161666667	22.54545455	3.32021157	2.181666667	0.267833333	0	1	17.1	0.1	0.6	4.5	0.1	6	0	67.33333333	12	4	87	503.5	104.5	248.5	74	5148.5	5.034105833	77.67	138.3747844	71.61230081	239.7111111	0.886	526.0111246	330.9787652	1587.195089	170.8644003	0.686386121	19.5	0.579288321	0.672	0.00967883	NA	20	NA	0	0.760758739	-0.204554041	2.799518102
AEG20	1.5425	0	0.135833333	26	3.307581478	1.86475	0.266083333	0	2	17.55555556	0	1	3.555555556	0.333333333	5	2	68.66666667	11.66666667	8.666666667	87.33333333	488.5	113.5	261	80	6193.5	4.735714649	80.41	192.468806	46.03034224	223.2111111	0.476	631.1087596	923.3953085	1940.6	183.8079988	0.658662434	22.334	-0.0311333	0.984	0.016612895	17.40804225	3	172	0.00077275	0.051789763	-0.378962275	2.25778525
AEG21	6.1275	0.475	3.6375	25.18181818	3.309641161	2.249	0.294666667	0	1	14.4	0	0.7	3.3	0.6	5	0	73	12.66666667	5.666666667	97.33333333	458	98.5	233.5	72.5	5129	5.32144113	67.42	130.0086002	82.63663365	285.4555556	0.516	573.1294913	423.3490442	1547.716667	148.2804357	0.626199247	20.36666667	0.047327461	0.706666667	0.012933234	20.251587	NA	NA	2.00E-05	0.56465352	-0.39054734	1.103695504
AEG22	0.23	1.016666667	0.283333333	44.45454545	3.034977317	1.805333333	0.165333333	0	2	17.3	0	1.8	3.1	0.4	5	1	52.33333333	6	1.666666667	63	442	81.5	217	64.5	3728.5	3.709631627	53.56	69.4825628	43.12015471	168.5833333	0.71	734.2659565	4.708353036	1960.066667	174.8370456	0.491957353	25.5	0.494210452	0.232	0.003667344	16.090302	3	572	0.0014687	-0.665326246	-0.006451255	-0.930014634
AEG23	0	1.794166667	0.435833333	29.54545455	3.212888459	2.1365	0.266666667	0	1	18	0	0.888888889	3.333333333	0.333333333	3	0	51	8.333333333	5.333333333	67	382	87.5	205.5	72	5974	4.981768149	80.28	175.558799	51.14568106	262.05	0.986	723.138605	1082.757405	1946.297945	187.0676943	0.652735233	37.889	0.098565177	0.392	0.008336039	13.7322405	NA	NA	0.000535	0.13057677	-1.046842429	0.27900065
AEG24	0.956666667	2.1075	3.116666667	22.54545455	3.277657023	2.494	0.328666667	0	2	16.3	0.2	0.9	3.1	0.7	6	1	50.66666667	8.333333333	4.333333333	54.66666667	502	105.5	261.5	80	5397	4.88085648	80.23	136.0890616	35.07644317	294.9111111	0.486	620.3423603	678.8056346	1797.850705	141.1230417	0.649868268	24.8	0.462601169	0.36	0.008717456	24.8290005	NA	339	0.00025	1.292301968	-0.265273256	0.185334393
AEG25	0.419166667	0	0	52.18181818	2.939946464	1.995333333	0.120833333	22	14	21	0.1	0.8	4	0.2	4	1	56	5.333333333	4	87	457	72	250.5	38	5233	3.763827013	82.13	148.9953953	44.09031662	72.75555556	0.29	592.5676742	384.1965761	1974.9164	191.0914504	0.550705293	18.73333333	-0.206603594	0.264	0.003536189	19.21126575	26	276	1.26E-05	-0.890244363	0.014092907	-0.652494405
AEG26	2.021666667	0	0	46.90909091	2.974721934	1.7375	0.128833333	12	10	18.7	0	0.6	3.1	0.2	4	1	49	2	5.333333333	79.33333333	366.5	67.5	224.5	36.5	4264	3.245653566	69.42	79.80063617	43.46204666	88.08888889	0.776	509.1297556	123.6499524	2008.3	189.7092728	0.544525077	NA	0.411760869	1	0.012652279	14.2870785	67	470	1.53E-05	-0.98111596	-0.023671956	-0.702611427
AEG27	1.216666667	0	0	47.81818182	2.994181639	1.649333333	0.145166667	4	8	16.5	0	0.8	3.2	0	3	1	55	4.333333333	3.666666667	75	501.5	78	276.5	36.5	4609	2.841594162	89.47	97.36114508	64.82405345	91.91111111	1.186	735.9857659	261.6998158	1738.286544	186.7812717	0.59125671	39.56	1.041972351	0.344	0.026515911	29.05964025	19	656	0.002582	0.063587825	0.170174884	-0.604123274
AEG28	0.820833333	0	0	54.18181818	3.099148696	1.891666667	0.197666667	5	8	18.8	0	0.9	3.5	0.2	5	0	47	7.666666667	2.666666667	63	492	96.5	246	63.5	4486	3.433674153	54.04	90.29285156	48.73758035	119.8888889	0.616	669.4920668	63.86698861	1977.491955	163.9650398	0.654625489	NA	0.573125099	0.6	0.003920498	13.593531	NA	203	0.000339	-0.600696124	-0.01244743	-0.708173869
AEG29	0.7975	0.9375	1.424166667	39.90909091	3.142139653	2.015333333	0.179	0	0	23.7	0.1	1.6	5.3	0	5	1	71.66666667	8.666666667	3	111.3333333	527	108	285.5	56.5	5280.5	4.472460352	53.37	89.95058909	37.79611704	100.45	1.096	579.4805142	150.3605136	1981.28731	184.910743	0.628930997	23.66666667	-0.228333296	0.34	0.005417827	NA	NA	NA	0.00021275	-1.09759031	-0.145965657	-0.60453042
AEG30	1.199166667	0.788333333	0	37.72727273	3.131226663	2.128166667	0.2335	0	8	21.9	0.1	1.2	4.1	0.1	4	1	66.33333333	13.33333333	5.666666667	90	461.5	86	252.5	54.5	5665	4.938224715	64.96	131.9612347	62.38327525	239.7333333	0.776	731.8277778	788.8176819	1978.766667	68.38823404	0.665041776	23.05	-0.267052792	0.93	0.016561257	12.0677265	NA	104	0.00056975	-0.143853453	-0.449800937	-0.397764991
AEG31	1.045833333	0.633333333	0	38.90909091	3.110881397	1.971333333	0.183833333	0	5	20.3	0	1.6	2.3	0	7	3	61.66666667	11	3.333333333	76.66666667	416	76.5	222.5	49	5512	4.528235033	69.63	117.1356651	46.97855455	179.5611111	2.312	665.2098002	718.7085572	1896.3	187.1896639	0.51948458	23.26666667	-0.291972462	0.88	0.003545601	16.29836625	NA	92	7.80E-05	-0.196487876	-0.335234458	-0.372290768
AEG32	0.479166667	0	0	33.27272727	3.0135524	1.710333333	0.179	0	2	24.1	0.1	0.7	4.2	0.1	5	0	47.66666667	4.333333333	2.333333333	74	487	94	261.5	63	4883	3.03746206	41.79	49.39505998	32.60166335	158.5111111	0.846	646.4566558	11.08891601	2004.082621	164.8262077	0.697335463	27.16666667	0.525625061	0.232	0.015321462	19.48868475	25	133	0.045535	-1.081262648	0.222574539	-0.810594495
AEG33	1.128333333	0	0	39.90909091	3.102575211	1.748666667	0.190166667	0	2	25.6	0	0.8	3.4	0	5	0	42.33333333	3.666666667	2	72.33333333	378	64.5	191	42	4609	3.418584375	48.93	69.17125311	26.04346197	152.3166667	0.356	695.4125382	29.79118089	2005.933333	158.0424332	0.627156217	26.46666667	-0.217677312	0.176	0.014486247	10.88869575	8	217	4.78E-05	-0.76414637	-0.052131717	-0.866016209
AEG34	0.9875	0.471666667	0	32.18181818	3.221345348	1.962166667	0.2565	0	5	17.3	0	0.5	4.1	0	4	0	37.66666667	6.333333333	2.333333333	41.66666667	421.5	67.5	212.5	61	4166	3.404129068	45.9	84.05350975	30.88995675	177.1888889	0.676	744.8706752	109.0668207	1935.83671	142.5208266	0.676095714	17.5	0.311509564	0.712	0.00884955	NA	4	146	5.30E-05	-0.776711436	-0.054314542	-0.303790982
AEG35	0	2.108333333	1.800833333	23.72727273	3.289830255	2.042333333	0.2455	0	1	16.1	0.1	0.5	4.7	0.1	6	0	51.66666667	7.333333333	2.333333333	67.66666667	431.5	86	223	67	4792.5	3.396197278	39.54	76.27870553	55.62262025	263.7722222	0.96	613.8327762	67.25575603	1865.877037	138.0444334	0.625922801	28.43333333	0.063814987	0.208	0.006755132	NA	NA	NA	0.00074	-0.727684348	-0.114739264	-0.777865532
AEG36	0.015833333	2.03	1.9175	25.72727273	3.252525209	2.2205	0.259333333	0	1	16.6	0	0.3	3.4	0.4	6	1	62.33333333	10.33333333	3.333333333	74	457.5	80.5	240	65.5	4910	3.760049967	53.33	125.7302272	45.75994892	257.7166667	0.106	696.307803	365.7543299	1828.212826	147.2473302	0.661543964	21.76666667	-0.166510688	1	0.007354955	NA	NA	NA	2.50E-06	-0.690976065	-0.10856524	-0.420003729
AEG37	0.043333333	1.954166667	2.295833333	24.90909091	3.317021858	2.24	0.291	0	1	18.7	0.1	1.2	3.2	0.1	6	0	83.66666667	15.33333333	5.666666667	112.3333333	383.5	70.5	191.5	67	5111.5	5.102548243	63	109.2551901	45.39996158	425.99375	0.176	535.0003901	659.1311607	1525.003093	41.57055165	0.765513694	27.76666667	-0.286713592	1	0.007569613	15.82365655	11	17	0.00014	1.024575487	0.32362558	1.072762658
AEG38	0	1.875833333	0.44	29.36363636	3.20019387	1.773	0.2174	0	2	26.22222222	0	0.777777778	5	0	6	0	54	7.333333333	4	84	411	79.5	234.5	56.5	4842	3.746192098	49.45	98.35181592	62.24175643	197.15	1.346	622.6375671	142.3357306	2011.766667	180.4834301	0.628632178	16.76666667	0.035655766	0.472	0.015369127	21.21843342	18	NA	0.000606075	-0.635374167	-0.134689085	-0.676711034
AEG39	0	1.954166667	2.324166667	21.45454545	3.342824646	2.123333333	0.297166667	0	1	15.4	0	0.8	3.8	0.2	5	0	75.33333333	10.66666667	4	81	409.5	72	203	63	4915	NA	66.09	89.2130609	61.00799788	419.6111111	0.846	515.0833321	489.7376981	1472.1	121.2262465	0.695043026	22.83333333	-0.29453264	1	0.003579752	NA	34	46	2.50E-05	0.196192586	0.055905906	0.026087442
AEG40	0.195	2.27	2.176666667	33.54545455	3.193530732	2.164333333	0.257166667	0	4	19.7	0.2	1.4	3.4	0.4	5	0	40.66666667	7.666666667	2	60.33333333	400	74.5	220	63.5	4922.5	3.351221747	68.34	162.1132314	69.57648126	163.6277778	0.226	714.6405891	647.5622766	1875.708993	176.3001776	0.767499399	NA	0.17309124	0.41	0.006339577	16.99191375	1	261	0.00056	1.200226653	-0.711519597	0.982517495
AEG41	0.0475	2.270833333	4.739166667	25.54545455	3.311585264	2.081	0.267166667	0	1	10.3	0	0.7	3.5	0.4	5	0	61.33333333	10.66666667	5.333333333	76.66666667	461.5	95	231	73.5	5576	3.724649209	44.28	83.86629767	25.8791712	287.5944444	0.956	545.151806	236.3919843	1845.514107	166.7626325	0.633264801	16.83333333	0.048114242	1	0.006160443	21.56932725	22	48	NA	-0.471481051	0.15474163	-0.447421266
AEG42	1.161666667	1.560833333	2.040833333	24.6	3.256880221	2.542	0.281166667	0	1	22.7	0.1	1.5	5.1	0.4	8	1	77.33333333	12	7.666666667	106	416.5	81	233	73	5997	5.457070766	83.13	215.6340406	56.24861306	179.2	1.436	518.2204599	1315.169628	1902.655166	178.5411889	0.669321169	14.53333333	-0.157823756	0.728	0.011312927	NA	17	338	4.50E-05	0.471649225	-1.541765436	0.29635214
AEG43	0.918333333	0.855833333	0.818333333	25.8	3.322535586	2.193333333	0.251166667	0	2	23.8	0.1	1.2	5.5	0.6	6	0	63.33333333	11	3.333333333	92	452	89.5	248.5	73.5	5430.5	3.966491804	72.57	140.7695108	52.22599209	203.3055556	0.376	740.8405004	1154.296834	1777.917816	153.8665446	0.844607979	18.7	0.544755619	0.488	0.002129002	NA	NA	263	0.000895	0.216374371	-0.577507113	0.542511142
AEG44	2.470833333	0	0	29.90909091	3.221504672	2.150083333	0.220833333	0	4	19.9	0	0.7	2.6	0	6	2	58.66666667	8.666666667	2	77.66666667	419	82	234.5	64.5	4921	4.928157584	64.01	174.2678181	59.09807802	155.2444444	1.806	604.4971591	983.6803451	1972.3	174.501584	0.696373629	NA	0.194429238	0.696	0.004881975	NA	NA	NA	0.00135025	0.448521756	-0.41211859	-0.419256735
AEG45	0	2.273333333	0.555	23.81818182	3.33891383	1.993833333	0.281333333	0	1	12.55555556	0	0.777777778	3.666666667	0.444444444	2	0	99	19.33333333	12.66666667	117	447.5	88.5	226	70.5	4700.5	4.843247108	54.86	96.43490811	56.69817007	326.6	0.416	575.4350977	108.1883532	1874.166667	175.5228142	0.65080738	12.96666667	0.412836658	0.352	0.013665943	19.5580395	NA	338	0.00014	-0.627417377	-0.04521031	-0.349275027
AEG46	2.438333333	0	0	30	3.271628188	2.1185	0.294166667	1	2	17.4	0.2	0.8	4.2	0.3	7	0	64.66666667	12.33333333	5.666666667	82.33333333	468	95	253	70	5375.5	3.498860539	71.68	123.8066107	69.95825724	272.0944444	1.076	529.919403	539.193823	1731.266667	147.7378224	0.631593869	24.63333333	-0.28756194	0.41	0.019311922	16.42966893	13	83	NA	0.354489531	-0.157184186	0.496340713
AEG47	0.6875	0	0	44.45454545	2.934900438	1.602333333	0.13	21	13	17.4	0	0.6	2.4	0.2	1	0	36	3.666666667	5.666666667	68.33333333	296.5	61	158	30	4763.5	4.005265955	59.05	113.4213252	47.78778729	75.42222222	2.986	567.0765955	184.8202983	1982.094426	187.5947715	0.454103747	27.83333333	-0.096426818	0.568	0.015870048	23.52621912	3	259	3.35E-05	-0.787991682	-0.030646402	-0.697671885
AEG48	0.4325	0	0	40.81818182	2.982251471	1.604666667	0.109833333	25	9	12	0	0.4	3	0	4	0	31.66666667	4.333333333	6.333333333	67.66666667	296	63.5	188.5	38	4142	1.688504524	43.39	52.46812637	26.76103645	30.41111111	1.046	742.4968896	92.82189138	2009.428261	190.8284318	0.508735985	37.56666667	0.022184492	1	0.021613307	21.29190825	20	460	0.0010605	-1.21002797	-0.016234399	-0.730934654
AEG49	0.965833333	0	0	36.27272727	3.065964366	1.7744	0.202	0	1	21	0	0.333333333	3.444444444	0.111111111	6	1	55.33333333	8.666666667	3	72.66666667	514	77	266.5	57.5	5089	3.016249965	49.87	67.37997281	41.7535973	165.5722222	0.846	682.3567222	111.3276775	1980.033333	179.4398233	0.502919618	NA	-0.068325679	0.152	0.005273397	NA	NA	136	0.00013425	-1.048229677	-0.054960755	-0.803446262
AEG50	0	2.033333333	1.688333333	21.4	3.301873023	2.027833333	0.287	0	0	16.125	0.25	0.75	3.625	0	5	1	76.66666667	13	7.666666667	95.66666667	433.5	99	225.5	73.5	4884.5	5.00879465	68.68	107.0397673	45.45100156	350.8777778	1.146	580.2774969	317.6744026	1779.642202	139.1381574	0.512088467	21.43333333	1.057393967	0.864	0.011263453	21.98545575	NA	NA	0.01950925	-0.40449091	-0.21907227	-0.130415044
HEG01	0.2975	2.183333333	5.508333333	16.36363636	3.263228129	2.194	0.315333333	0	1	9	0	0.5	3.3	0.7	5	1	42	8	1.666666667	47	343.5	73.5	163.5	55	4813.5	3.655824488	54.02	123.3636345	29.9009379	266.7703704	5.853	442.4561322	1067.131767	1822.666667	179.8861954	0.487335313	22.967	-0.255382086	0.296	0.004543642	NA	17	NA	0.0050764	1.104848821	-0.795000841	1.395319378
HEG02	0.106666667	2.105	3.2975	19.63636364	3.208662243	1.886388889	0.282055556	0	3	10.3	0	0.7	5	1	8	0	62.66666667	17.66666667	10	90.66666667	293.5	63	122.5	55.5	4442.5	2.539059809	35.08	87.04473626	25.56031373	228.9518519	3.112	390.6700775	711.5011065	1908.833333	171.5840923	0.704737808	16.267	-0.020661097	0.936	0.01385913	15.32739975	12	235	0.010978	-0.30512006	-0.660330957	0.061459355
HEG03	0.12	2.565833333	3.845833333	18.63636364	3.226964986	1.899166667	0.279	0	5	10.4	0	0.5	3.1	0.7	4	0	41.33333333	10	3.666666667	55.66666667	334	75	136	62	4342.5	2.406542409	33.29	84.26535629	17.81277944	235.5388889	4.733	361.8767907	824.8541886	1429.3	177.0808627	0.56181737	11.733	-0.044141926	0.592	0.010159031	16.5064305	17	NA	0.00708475	0.631966424	-0.571521885	0.240862681
HEG04	0.641666667	1.79	2.8275	14.2	3.208902254	2.273333333	0.3155	0	1	11.5	0	0.6	4.1	0.8	4	0	53.66666667	11	2	67	383	86.5	193	67	5713.5	4.496288162	64.72	148.9520085	41.21030676	409.9851852	11.013	463.2928912	531.9647222	1775.866667	125.3464232	0.458218273	25.6	0.024737606	0.544	NA	NA	10	NA	0.078851	1.047029029	-1.04597567	1.485786233
HEG05	0.7825	2.259166667	3.18	23.11111111	3.199765719	2.291166667	0.255666667	0	1	6.555555556	0	0.666666667	3.555555556	0.5	6	0	46	9.666666667	2	53.66666667	346	71.5	152.5	59	4442	4.01696579	43.6	113.9765554	60.24841884	163.6888889	5.896	540.1196436	1151.68121	954.6	159.3718298	0.525743437	14.8	0.461788107	1	0.010821987	23.51126025	1	29	0.018589925	-0.098671336	-0.93261131	1.313877146
HEG06	0.360833333	1.4725	2.3625	26.81818182	3.188744543	1.932166667	0.266	0	1	9.4	0	1.2	4.3	1	4	1	52.33333333	10	2.666666667	60.66666667	379.5	87	189	59	4715.5	NA	20.77	37.03280286	30.16063651	291.4296296	4.509	467.2131325	170.5911276	1964.733333	131.6118805	0.501276446	15.4	0.419654723	0.64	0.007135902	NA	13	531	0.0384605	-0.701925818	0.02259482	-0.621175043
HEG07	2.580833333	0.3175	0.23	35.09090909	3.189525931	2.148666667	0.269333333	0	1	9.4	0	0.8	4.5	0.6	4	1	38.33333333	10	1	59.66666667	323.5	67	150	62	4138	NA	55.48	129.8183228	49.05499916	182.9148148	8.646	394.3216408	730.1353623	1919.133333	137.8184328	0.546516633	17.1	0.254759074	0.832	0.005332229	21.361263	3	178	0.076554	0.215251762	-0.537973792	1.429927821
HEG08	1.734166667	0.24	0.23	32.18181818	3.231583814	1.7805	0.2615	0	1	17.2	0	2.4	6.8	1.7	6	1	73.66666667	16	5.666666667	94.33333333	378	83	179.5	70	4458.5	4.150756289	57.04	150.916868	52.74459524	203.6296296	10.699	423.4172603	670.1425516	1971.766667	168.9764576	0.499507152	26.833	0.230052705	0.56	0.020790097	22.748358	18	164	7.38E-05	1.348993573	-0.787915071	1.812750225
HEG09	0.555	0.0775	0	57.27272727	3.095836362	2.119333333	0.2305	0	7	17.33333333	0.4	1.9	6.3	0.7	7	0	43.33333333	5.666666667	1.333333333	61.66666667	435.5	90.5	240	57.5	4450.5	3.393127467	41.11	74.78819995	44.79420311	128.7020833	8.505	491.0572908	77.92172874	1993.6	185.3045501	0.497028171	22.033	0.458527608	0.808	0.016829236	19.696749	30	492	0.0010516	-0.58346265	-0.126187015	-0.648019131
HEG10	0.213333333	1.089166667	1.623333333	30	3.25912889	1.759666667	0.254	0	1	14.5	0	1.6	5.9	1.2	3	2	38.66666667	7	1.333333333	51.33333333	401.5	84	206.5	63	4101	3.525547166	43.74	79.79280058	50.01197511	196.4981481	6.703	409.6793933	237.8626894	1970.033333	165.1615924	0.382970561	20.9	-0.140184743	0.8	0.014928935	NA	NA	215	0.0029847	-0.269287196	-0.008944613	-0.29042046
HEG11	0.143333333	1.014166667	1.319166667	32.81818182	3.195184774	1.815	0.258	0	3	7.9	0	0.8	5	0.2	4	1	33.33333333	4.666666667	0.666666667	41	384.5	82	185	63.5	4492	4.110634638	56.64	133.214563	49.87665861	136.0592593	8.795	418.9004082	530.6627624	1950.866667	182.0221658	0.416096903	16.3	-0.012766834	0.608	0.004211885	NA	17	286	0.006017375	0.516192256	-0.692604843	-0.181835377
HEG12	7.2375	0.305833333	1.166666667	22.63636364	3.228492372	2.544166667	0.316	0	1	10.11111111	0	0.444444444	3.555555556	0.444444444	1	0	47.33333333	13.66666667	1	50.33333333	396.5	93.5	184	64	4309.5	6.824284319	74.89	158.5358014	50.55563612	202.5333333	5.081	422.6156172	1555.484739	983.7009248	148.7490103	0.510666516	15.767	0.110125742	0.336	0.017051136	16.7838495	NA	NA	NA	2.793796008	-1.545535096	1.627416464
HEG13	0.401666667	2.413333333	0.263333333	21.72727273	3.215569991	2.187333333	0.295666667	0	5	6.444444444	0	0.888888889	2.777777778	0.555555556	7	1	45.33333333	9	2.333333333	55.33333333	367	89	191	64.5	4692.5	3.027530153	35.44	87.88205177	25.70024735	236.3444444	5.134	434.1422313	740.8883051	1870.696334	181.2263086	0.535190667	16.467	0.270692775	1	0.013058649	17.477397	NA	NA	0.0001545	0.321605607	-0.732160203	-0.272876046
HEG14	0.338333333	1.253333333	4.076666667	33.90909091	3.31088945	1.860833333	0.269833333	0	1	11.3	0	1.4	5.6	1.3	5	1	39	6.666666667	1.333333333	52.33333333	404.5	88	209	62.5	4264.5	3.218733324	38.88	70.81126879	43.14100386	269.7555556	4.95	441.747771	297.6935499	1928.039466	183.0183396	0.387584128	13.867	0.011869766	0.56	0.00722435	16.922559	NA	6	0.00180875	-0.509991106	-0.150832052	-0.725576729
HEG15	0.390833333	1.169166667	3.0075	28.63636364	3.228836648	2.493833333	0.277333333	0	1	7.4	0	0.4	2.7	1.4	9	1	37.33333333	9	1.333333333	51.33333333	363	79.5	171	69.5	4551	3.889485344	53.32	107.4187644	74.02403816	254.0055556	4.873	470.6054126	1006.429496	1234.006388	110.0855436	0.537279709	13.133	-0.176395289	0.784	0.010470276	29.406414	NA	311	0.000424875	0.709681224	-0.627953962	-0.521456989
HEG16	1.124166667	0	0	34	3.204707155	1.953333333	0.250833333	0	2	19.9	0.3	1.8	6.4	1	7	0	46.66666667	9	3	68.33333333	304.5	74.5	164	61	5179.5	2.739981492	64.04	109.1247926	48.93678746	149.8666667	6.58	407.5223473	983.390791	1827.353128	185.8083058	0.472765978	18.7	-0.189967432	0.344	0.012261872	NA	NA	423	0.00123475	-0.086631658	-0.604451788	0.785062648
HEG17	0.398333333	0.3075	0	42.09090909	3.117749875	1.659166667	0.206166667	0	3	10.1	0	1.3	6.2	1.2	7	0	37	4.666666667	1.333333333	46.33333333	356	80	183.5	58	4472	3.685375387	53.17	95.81110415	43.15699158	125.15	13.475	501.1613917	416.047942	1931.969162	185.6477432	0.443939263	25.3	-0.211938637	0.928	0.032533045	22.3322295	NA	633	0.001167875	-0.085841793	-0.363856464	-0.472897827
HEG18	0.4175	0.1575	0	51.45454545	2.990231694	1.944833333	0.178833333	6	6	14.1	0.2	1.2	5.1	1	4	1	35	3.333333333	1.333333333	51.33333333	348	75.5	195	44	4626	3.089768854	48.14	82.94891354	40.26510199	128.4333333	7.922	389.1005991	53.39743085	1934.743025	173.0655586	0.413998041	28.233	0.222143381	0.424	0.032259146	25.17577425	NA	161	0.0002471	-0.077703556	-0.058491043	-0.666418858
HEG19	0.398333333	0.073333333	0	34.72727273	3.206389096	1.920666667	0.2395	0	3	12.5	0	1.7	5.3	0.8	9	0	42	7	1.333333333	55.66666667	431	101	226	76.5	5811.5	3.834509364	62.18	107.7627832	50.62774575	180.75	9.957	450.0025132	467.7352801	1925.07172	172.3458305	0.440866037	21.767	0.038507525	1	0.011691803	NA	NA	155	0.001135125	0.25299475	-0.482358235	-0.328589226
HEG20	0.781666667	0.0775	0	49.09090909	3.178275561	1.9645	0.2105	0	5	12.3	0.2	0.9	7	0	10	0	33	5.333333333	2	48	478.5	110.5	262	54.5	5460	2.205726667	27.23	38.3711816	27.8501548	140.7277778	14.729	443.03015	39.23030275	2008.7	174.0348043	0.553843883	14.033	0.329999173	0.416	0.013879856	NA	NA	82	0.00146325	-1.058042803	0.085492051	-0.852794338
HEG21	0.498333333	0.0775	0	36.90909091	3.203932605	1.856166667	0.235833333	0	5	19.6	0	2.1	4.9	1.3	4	0	49.66666667	8	1	61	336.5	78.5	163	56	4133	2.180836655	31.73	70.40487138	21.98064689	129.4574074	5.665	412.9392218	320.0148021	1644.433333	175.4572265	0.537129159	25.367	0.081138323	0.344	0.013102255	NA	33	239	0.00024	0.076204195	-0.080802568	-0.795529777
HEG22	0.294166667	1.794166667	0.204166667	22.45454545	3.179813779	2.216	0.294666667	0	3	6.777777778	0	0.555555556	2.777777778	0.555555556	8	1	40.33333333	7.666666667	2.666666667	68.33333333	408	85.5	209	75	4613.5	4.49337752	47.88	97.92976145	44.42369763	301.4888889	6.575	407.6168998	940.9344076	1901.756522	153.8346594	0.510344972	13.133	-0.183667124	0.64	0.018769816	14.5644975	NA	659	0.002563125	-0.236934925	-0.523376617	1.295517104
HEG23	0.58	1.0875	0	39.45454545	3.19654718	2.035333333	0.246	5	4	18.5	0.1	2.6	6	1	6	0	37	7	3.666666667	48.33333333	331	73	160	70	4044	3.169233762	47.08	86.65827513	39.22701125	154.4722222	2.896	458.9459128	367.3449736	1463.946111	164.331445	0.608108874	17.267	0.233890755	0.672	0.011385676	17.8935255	NA	233	0.01186475	-0.427711172	-0.330624304	0.022986552
HEG24	1.098333333	1.321666667	0	32.8	3.225046682	2.138	0.275333333	0	1	15	0	1.8	5.4	0.9	6	0	42.66666667	10	3	68.33333333	410	95.5	211.5	68.5	4708	4.247433253	48.17	84.8646263	39.17355252	215.3666667	4.531	429.2632977	910.5965813	1900.619713	157.0579097	0.6072995	21	0.090984719	0.464	0.012405827	16.71449475	31	189	0.000551	-0.258725313	-0.576928406	0.222740293
HEG25	1.4125	0.933333333	0	36.63636364	3.12405425	2.277166667	0.2435	0	4	17.25	0	2.625	5.875	1.125	7	1	45.66666667	5.666666667	1	53	382	75	204.5	61.5	4517	4.114194472	55.2	107.7602952	42.87005931	161.9	6.955	430.4434536	510.4322446	1739.129989	162.0777222	0.497286158	23.633	-0.162754221	0.472	0.066017173	NA	NA	NA	0.00011205	0.03842773	-0.161550421	-0.022684109
HEG26	0.034166667	1.1025	1.011666667	23.54545455	3.295890517	1.642166667	0.249833333	0	3	11.8	0	1.5	5.7	0.9	4	1	51.33333333	9.666666667	4	69.33333333	403.5	80	205	65.5	4336.5	3.46670246	47.48	89.39166641	28.2289718	160.4074074	7.717	401.3314618	605.8359253	1978.9	181.9002608	0.440934163	30.2	-0.082949155	0.848	0.01068317	NA	NA	NA	0.0060835	0.327391395	-0.27718164	-0.145541083
HEG27	0.076666667	1.248333333	1.763333333	36.90909091	3.17498282	1.876666667	0.260333333	0	6	14.4	0	1.2	3.8	1.1	8	0	50	9.333333333	4.333333333	80.66666667	408.5	86	201	49	4456	3.823612174	44.49	109.3322227	43.38847776	307.9240741	7.543	408.3951217	562.7840535	1885.9	167.623118	0.490661398	19.3	-0.080872722	1	0.00789125	9.154827	32	53	0.00085625	0.488911056	-0.200286893	0.105467771
HEG28	0.1275	1.4075	1.239166667	35	3.151339224	2.4805	0.2635	0	2	11.9	0.2	1.3	5.8	0.7	6	1	39.66666667	10	2	54	356.5	79	165.5	63.5	4062	2.434446601	32.08	69.69425618	27.52331542	124.7722222	3.875	402.4762884	697.785221	1811.753984	176.4395148	0.473970403	14.267	-0.294131601	0.736	0.022976465	NA	NA	272	0.00853735	0.132804735	-0.349931716	-0.324939752
HEG29	0.239166667	1.4825	1.054166667	36.45454545	3.140312181	2.260666667	0.246333333	0	1	12	0.1	1.5	4.8	0.4	5	1	41	8.666666667	2.333333333	59.66666667	383	78	184.5	65	4210	1.803511736	29.54	53.7297006	19.3735222	117.3	10.802	412.7502125	409.1742448	1855.013236	168.8275526	0.472360091	28	0.302501021	0.896	0.01871609	NA	NA	318	0.05453	-0.524145472	-0.299362748	-0.755848887
HEG30	0.176666667	2.576666667	2.820833333	29.27272727	3.122599613	2.220333333	0.238333333	3	4	11.4	0	1.4	3.5	0.9	5	0	42.33333333	9	2.666666667	58	353.5	82.5	187.5	56.5	4588	2.67009823	35.51	59.64354601	67.482914	176.2203704	7.458	511.6822165	536.203129	1894.966667	184.7587995	0.671746941	12.533	0.180808714	0.152	0.009503698	22.81771275	NA	61	0.0040705	0.19006214	-0.322471961	-0.089188385
HEG31	0.5225	1.395	1.656666667	41.09090909	3.165090069	2.195833333	0.2315	0	4	15.3	0.1	2.3	5.5	0.8	10	3	31	5.666666667	0.666666667	43	362.5	77	204.5	51	5010.5	3.730327156	41.03	104.9168982	55.4383007	152.5	7.516	487.3097119	867.72	1873.279261	181.1648112	0.589334717	21.333	-0.262759368	0.36	0.037406317	NA	NA	642	0.000215125	-0.659382862	-0.332620579	-0.490116119
HEG32	1.2225	0.9375	1.6425	17.54545455	3.173674612	1.987	0.278666667	0	2	14.66666667	0.222222222	0.666666667	5.111111111	0.888888889	7	1	45.33333333	6.666666667	2.333333333	46.33333333	485.5	94.5	228.5	60	4483.5	3.845038509	39.97	46.0604423	25.92734582	402.0777778	8.206	419.9116262	117.4437613	1881.534326	183.157636	0.322040842	19.9	0.048177089	0.92	0.008425168	14.425788	NA	NA	0.00317	-0.395386167	-0.085297518	-0.516385566
HEG33	1.419166667	1.0975	0.903333333	22.6	3.215498794	2.438166667	0.281833333	0	1	10.8	0	0.7	3	0.9	10	1	35	6	3.333333333	49	382.5	66	189	54.5	3411	3.492035122	40.08	43.08364778	32.48883248	308.5333333	7.144	486.2798313	165.8652237	1837.873483	180.8081856	0.487815414	17.233	0.715191974	0.456	0.027193591	18.24029925	8	146	0.0010551	-0.142356425	-0.171752676	-0.663682197
HEG34	0.360833333	1.4725	2.3625	20.90909091	3.210402997	2.231833333	0.281166667	0	2	11.7	0.2	1.2	4.2	1.3	9	0	43.33333333	9.666666667	2.666666667	57.66666667	365	75.5	177.5	68	4712.5	2.963689232	33.95	75.82942117	29.59025424	194.6166667	3.687	427.8312105	506.5302044	1753.153671	180.5385306	0.58932049	25.2	0.630617526	0.048	0.004403799	26.00803125	25	168	0.021748	0.124280683	-0.512271123	-0.25008884
HEG35	2.445	1.091666667	1.806666667	24.27272727	3.18912383	2.169166667	0.287166667	0	1	13.5	0	1.4	3.1	1.4	1	1	66	15	10	77.33333333	412	108	194	67	5299.5	3.852869898	45.74	101.3982556	27.25294932	377.0555556	6.86	408.5403192	818.6884528	1739.288911	158.6138947	0.459763703	20.7	-0.04703467	0.288	0.012200739	11.85966225	NA	NA	0.0265525	0.506629128	-0.467952816	1.386405485
HEG36	0.6475	1.164166667	2.920833333	29.4	3.106151518	2.296833333	0.2705	0	3	10.3	0.1	1.5	4.5	0.4	7	1	38.66666667	8	2.666666667	52.66666667	369	89.5	175	68	4318	3.896726089	53.06	139.3983739	65.17892654	229.3555556	5.813	417.8875525	835.4454619	NA	NA	0.572046963	19.833	-0.107680341	0.776	NA	NA	29	97	0.00030075	0.08898857	-0.814173152	0.307472528
HEG37	0.588333333	1.490833333	3.255	22.18181818	3.19438813	2.361666667	0.292666667	0	1	10.2	0.1	1	5.2	0.9	10	0	49.33333333	11	3.333333333	63.66666667	338.5	84.5	150.5	67.5	4377.5	3.328159983	52.61	124.6123904	58.61524303	230.662963	3.401	434.7726183	1153.132905	541.7333333	90.42296187	0.616538377	24.933	0.096083342	0.712	0.004669277	NA	20	149	0.008015	0.67563463	-0.670202907	0.722991434
HEG38	3.030833333	0.613333333	0.03	33.72727273	3.204271664	1.968166667	0.2715	0	3	15	0	1.5	3.9	0.6	3	2	47.33333333	10	3	64.66666667	383.5	91.5	201	62	4502.5	2.982925986	28.33	71.48854455	24.84861864	151.9444444	7.09	425.2027335	575.6462596	1877.649705	186.2668407	0.553600826	8.533	0.970260403	0.624	0.014539359	21.29190825	NA	47	0.0558155	-0.705052604	-0.069258735	-0.516691879
HEG39	1.094166667	0.625833333	0	27.27272727	3.337062973	2.149833333	0.278333333	0	1	22.4	0	1.8	7.3	1.4	8	2	46.33333333	7.666666667	3.333333333	63	408	103	185.5	62	5569	3.18218959	38.44	70.69932159	43.28053295	237.8166667	5.805	481.0381602	522.5514541	1645.265516	186.2857748	0.510001252	20.58	-0.036833064	0.68	0.015532524	NA	59	87	0.03561975	-0.828767672	0.155907293	-0.142973127
HEG40	2.534166667	0	0	27.36363636	3.254449165	2.0685	0.298166667	0	0	15.8	0	0.9	4.9	1.6	9	0	52	12.66666667	8.666666667	59.33333333	403	90	190	71	4701.5	4.292724415	60.41	117.4777126	81.38503182	221.2685185	7.808	415.6523529	695.6975259	1983.266667	172.3317592	0.608228318	17.6	0.087389502	0.496	0.009170139	NA	NA	304	0.0283741	0.464054146	-0.962195909	0.78132044
HEG41	0.781666667	0.0775	0	57.63636364	3.124094297	2.103	0.232333333	0	8	14.5	0.1	1.9	5.1	0.6	3	0	47	6	3.666666667	63.66666667	420	86.5	213	63	4173.5	2.948148355	39.81	69.05051477	41.74596022	118.4722222	6.148	463.9266138	83.97577206	2002.775055	180.6574722	0.509512036	22.233	0.276694311	0.616	0.035839923	17.199978	NA	118	0.00037955	-1.025074084	-0.024359317	-0.666835196
HEG42	0.405	0.073333333	0	52	3.128334509	2.055333333	0.190333333	0	4	18.4	0.6	2.7	8	0.9	6	1	36.66666667	5.666666667	3.666666667	51.33333333	417	87.5	212.5	59	4491	3.255739598	41.81	74.04992117	26.07296024	88.50925926	5.046	494.322629	289.0286045	1974.233333	188.6230772	0.438786999	19.9	-0.090789883	0.736	0.028951884	NA	NA	210	0.00161835	-0.235417241	0.016232848	-0.549700788
HEG43	0.555833333	0.3225	0	67.72727273	3.118635146	1.774666667	0.185333333	0	7	13.5	0.3	1.3	3.7	0.4	6	1	33.33333333	3.333333333	1.666666667	54.66666667	402	84.5	228	48.5	4116.5	3.163342476	45.41	84.35289353	32.83247145	134.9481481	13.404	405.3035304	86.35176825	1998.766667	188.3442279	0.42322834	31.3	-0.04949841	0.786666667	0.013151232	24.8290005	34	188	0.00303255	-0.769974184	0.009809247	-0.707662076
HEG44	0.530833333	0.236666667	0	47.36363636	3.067833282	1.924333333	0.182166667	0	8	17	0	1.8	4.8	0.6	4	0	33	4	1	41.66666667	455	100.5	259	57	4796.5	NA	79.57	136.0788846	47.79498654	123.10625	9.109	447.3661565	242.7234749	1891.7	189.4770367	0.34344684	19.2	-0.193874789	0.392	0.031202607	26.4935145	NA	522	0.00293655	0.209675521	-0.05840366	0.636541873
HEG45	0.516666667	0.0775	0	43.09090909	3.168335867	1.89	0.215666667	0	3	19.1	0.3	3.3	5.3	0.9	7	2	33	4.666666667	1.333333333	47.33333333	395.5	83.5	208.5	63.5	4438	3.742326972	44.44	81.52814547	38.56731034	116.2444444	9.176	427.5106017	273.7106852	1518.311241	172.4159639	0.517458066	16.233	0.430629854	0.392	0.013869296	20.6677155	NA	559	0.0003375	-0.803650106	-0.045935763	-0.420739592
HEG46	0.6125	0.235833333	0	41.27272727	3.058275087	1.734166667	0.178	6	4	21.2	0.4	2.9	6.1	0.7	3	1	43	7.666666667	2.333333333	61	342	81	189.5	58	4196.5	2.406315569	25.83	65.31040391	19.95968314	139.0444444	2.627	440.1253225	318.678774	1757.846759	183.04992	0.393718207	27.2	0.384237588	0.504	0.0377938	21.98545575	33	252	0.04252355	-0.793510108	0.042267683	-0.673757572
HEG47	0.850833333	1.178333333	0.478333333	29.45454545	3.245591813	1.8775	0.261166667	0	3	16.6	0	2.4	6.4	1.5	6	0	38	5.333333333	2	49.66666667	389	80.5	208	61	4364	3.847206952	55.09	130.7481741	54.45315255	222.1055556	8.322	460.7551519	455.8714783	1701.477028	NA	0.447324444	13.4	0.187773656	0.7	0.018502022	12.483855	NA	NA	0.00416675	0.253220139	-0.325987493	-0.257603626
HEG48	0.641666667	1.1	0.448333333	29.09090909	3.280196054	1.823333333	0.268833333	0	2	16.9	0	1.4	4.1	1.2	5	0	30.33333333	5	1	45.66666667	441	87	218.5	71.5	4123	3.313497392	41.64	88.0173741	29.21137441	181.8314815	7.093	384.0939573	348.1175856	1933.833333	177.6514218	0.440831456	18.633	-0.00859328	0.64	0.018674848	NA	NA	NA	0.00308165	0.020656432	-0.176922909	-0.191537034
HEG49	0.196666667	1.415833333	1.47	31.72727273	3.298776155	1.887333333	0.2675	0	1	15	0	1.4	5.2	1.3	7	1	83	15.33333333	4.666666667	98	402	93	208	64	4575	3.713686924	46.5	91.17933924	28.68292275	266.5444444	5.677	381.9224109	632.2286674	1970.10895	147.9638501	0.463123922	22.45	-0.133835183	0.726666667	0.012291601	NA	1	148	0.002424	0.519202516	-0.216754292	-0.227822336
HEG50	0.334166667	0.9375	1.598333333	34.18181818	3.180085972	1.953666667	0.2415	0	3	14.3	0	2.3	4.5	0.5	4	1	67.66666667	14	3.666666667	90	378	72.5	188	63.5	3999.5	3.181711065	45.36	75.77843295	31.74946035	180.35	4.609	391.7665186	256.7180915	1961.433333	121.2570845	0.455974202	25.433	-0.040353167	0.696	0.008752689	NA	NA	87	0.00037475	-0.778300511	-0.268399162	-0.23136604
SEG01	0.018333333	1.868333333	1.5475	18.36363636	3.265207429	2.633333333	0.2775	0	1	17.1	0.2	1.4	6.9	1	2	0	85.33333333	21.66666667	10	99.33333333	395.5	100	212.5	67	5697	8.309128994	203.5	264.2656912	43.55156623	238.9055556	5.362	304.9754667	2147.523463	2000.15	185.7204049	0.474435866	24.1	-0.420703611	NA	0.008749683	13.94030475	8	44	0.03235975	1.07382623	0.636864947	1.512377973
SEG02	0.515	1.3225	1.431666667	18.18181818	3.314156554	2.543833333	0.262833333	0	0	16	0	0.6	7	1.3	5	0	77.66666667	13.33333333	10.66666667	90.66666667	358.5	83	162	66.5	5650.5	8.27505018	128.4	201.0577429	41.32859927	236.75	4.432	318.7535274	1921.594506	1604.033333	187.9728507	0.471022984	26.7	-0.137648185	1	0.013843826	14.77256175	NA	71	0.00058325	0.839087375	0.292969792	1.354860324
SEG03	0.6125	1.558333333	1.419166667	17	3.309997782	2.843	0.255166667	0	1	20.5	0.1	1.2	6.4	1.9	4	0	57.66666667	9.333333333	8.666666667	61	347.5	85.5	161	62.5	6025	6.09584908	89.82	149.5569715	40.9228289	258.65	8.832	279.6034464	1366.720231	1918.433333	189.0045464	0.392681102	32.45	#¡DIV/0!	NA	0.013289988	12.8999835	NA	176	0.0006775	-0.220984682	0.108614661	-0.069116894
SEG04	0.27	0.621666667	0	17.63636364	3.251410118	2.4035	0.205833333	0	0	16	0.1	1.6	6.5	1.1	7	0	66	9.333333333	8.333333333	74.66666667	368	98.5	198	69	6287	6.636594537	141.1	190.1222389	45.49528571	263.25	10.492	318.3680561	1322.749431	1921.7	187.9800883	0.266828243	32.45	-0.213479493	1	0.043546208	9.8483745	15	54	0.010171	1.078538593	0.636664869	0.407273575
SEG05	0.136666667	1.023333333	0	16.45454545	3.374398107	3.166166667	0.234833333	0	0	17	0.1	0.9	6.6	1.1	8	0	69.33333333	18.66666667	5	67	453	109.5	231.5	55	5823	5.85302509	114.7	124.7167354	14.07819565	229.7944444	2.072	321.1476342	1233.95914	1219.366667	189.6169286	0.424311679	32.45	#¡DIV/0!	NA	0.021457971	NA	4	NA	3.13E-05	0.16398717	0.567684859	0.068884812
SEG06	1.815833333	0.379166667	0	19.72727273	3.201399935	2.677833333	0.268666667	0	1	23	0.1	0.9	7.3	1.4	7	0	81	13.33333333	11.66666667	77	446.5	103.5	233	65.5	5774.5	10.8601508	280.6	101.1734534	49.10606075	194.0722222	4.022	342.1590421	320.5566046	1716.633333	187.8902515	0.557815916	NA	-0.598175122	NA	0.00753472	NA	7	241	0.0001055	1.985356123	3.251170192	-0.176479876
SEG07	2.585833333	0.160833333	0	17.4	3.301412281	2.5672	0.2954	0	4	19	0.111111111	0.555555556	5.444444444	1.222222222	6	0	68.33333333	14	4.666666667	59	416	92.5	201	62.5	6196.5	9.119449513	115	146.9791222	10.07563378	389.24375	15.782	333.5500216	1735.608619	830.4333333	182.0162738	0.354055582	34.5	-0.052202164	0.976	0.03075807	7.468973077	1	61	0.00446525	2.074567988	0.001196259	0.661881366
SEG08	1.0625	0.948333333	0.585	20.27272727	3.313031922	1.884833333	0.228833333	0	3	16.2	0	0.4	3.1	1.1	6	1	58.33333333	12	5.333333333	70.33333333	375.5	82.5	183	66.5	6125	4.995121104	78.71	100.7858838	31.87919874	300.2944444	16.182	309.3606873	905.0863755	1895.1	183.4544878	0.402540767	NA	-0.378003646	NA	0.010815045	18.10158975	11	165	0.000356125	0.222052768	0.109325402	-0.518891993
SEG09	2.865833333	0.299166667	0	19.36363636	3.324029587	2.553166667	0.274333333	0	1	16.44444444	0	0.444444444	6	0.666666667	5	0	87.66666667	13.66666667	13	88.66666667	457.5	107.5	224	74.5	5918	11.68310026	229.4	165.9685446	48.07666092	177.4388889	12.772	385.2760201	1221.075325	1773.75	188.3580023	0.404250662	NA	#¡DIV/0!	NA	0.022781412	NA	2	98	9.85E-05	1.686000817	0.38430395	1.601935727
SEG10	0.62	1.240833333	1.419166667	16.81818182	3.296723104	2.9295	0.225333333	0	2	19.2	0.4	0.8	5.5	1.4	6	0	80	13	22	89	308	74.5	156	55	5959	6.732700791	147.3	189.1085775	27.53298991	248.7444444	5.692	326.6106982	1657.622811	1861.07125	184.2806617	0.499924234	34.5	-0.213099079	1	0.061253185	13.38546675	8	259	6.03E-05	1.004499077	0.215048835	0.174189307
SEG11	0.635	1.0825	1.419166667	22.90909091	3.265343151	2.5175	0.225833333	0	1	20	0.5	1.5	5.8	1.7	6	0	61.66666667	10.66666667	8.666666667	66	340	91.5	172	57	5998	6.788592736	112.5	177.6084887	16.81027276	262.0944444	2.592	306.2949954	1528.95224	1858.317925	188.0862046	0.448935475	32.95	-0.178387772	1	0.037145906	11.929017	2	87	0.0004177	0.7057121	0.600613866	-0.349018962
SEG12	0.018333333	1.868333333	1.5475	16.54545455	3.308673402	2.433333333	0.254333333	0	2	14.1	0	0.7	6.2	1.3	3	0	58	11.33333333	14.33333333	74	342	82	173	66.5	5648	6.155042914	105.8	182.8912721	11.99911978	193.5277778	1.892	211.7977823	2203.160699	2015.187783	185.9621671	0.636671822	32.26	-0.435970237	NA	0.008137352	13.66288575	NA	NA	0.000102	0.698460642	0.31080964	0.355927707
SEG13	0.211666667	1.714166667	0.6775	29	3.208366357	1.847333333	0.233333333	0	1	17.6	0	1.1	4.9	0.7	3	1	82.66666667	15.66666667	5	92	509	112.5	241	71.5	4127	4.209650906	33.27	61.3513048	14.74751066	256.0888889	5.832	279.5140077	561.7428906	2011.860471	187.6052393	0.389282463	35.3	-0.013721887	0.632	0.027702413	NA	NA	NA	0.00429	0.039011364	0.024486872	0.078546674
SEG14	0.579166667	0.7075	0	17.54545455	3.321085742	1.968333333	0.234	0	2	15.6	0.2	0.9	5.3	1.2	6	0	74.66666667	12.66666667	10.33333333	79	433.5	103	194	73.5	6093	5.684375952	103.8	199.3907742	17.52296894	340.0666667	6.382	284.9255554	1588.581673	1929.264298	188.5062376	0.534128322	32.43	-0.501346733	NA	0.016379272	19.21126575	3	31	NA	0.978039404	1.157854512	0.123849009
SEG15	0.05	1.255833333	0	22.18181818	3.273039465	2.319333333	0.237666667	0	1	15.8	0.4	0.9	5.6	1.1	5	0	74.66666667	12.66666667	33	85	262	69.5	121.5	49	5891	6.672695496	136.2	206.9616742	28.79734126	264.3944444	8.902	283.6082186	1583.083504	2000.363464	161.7376022	0.427926045	28.85	-0.441398871	NA	0.021733607	16.2290115	NA	3	0.0003495	1.722061564	0.678826427	0.18888596
SEG16	0.906666667	0.616666667	0	17.45454545	3.33998929	2.406166667	0.215	0	0	19	0.5	1.7	5.3	1.1	7	0	64.33333333	13.33333333	12.33333333	69	504	119	236	73	6414.5	6.338459349	140.8	169.019012	47.77896977	280.2666667	3.172	362.3064763	1441.970346	1800.517653	190.0067686	NA	28.85	-0.212296676	1	0.054130321	19.62739425	NA	9	0.001325	1.198592997	0.805004851	0.55536901
SEG17	0.825	1.17	0	21.36363636	3.235879732	2.746	0.2675	0	1	21.4	0	1	5.1	1.4	6	0	68.33333333	14.66666667	9.333333333	77.66666667	422	116	226	62	5051.5	9.423787528	351.7	202.4611415	69.31448454	133.3388889	5.712	323.3324316	476.7438021	1920.509522	188.2449819	0.363267776	NA	0.169414943	0.472	0.021962684	NA	NA	140	0.0009075	4.75978588	3.418841865	0.50108309
SEG18	0	1.726666667	0	23.72727273	3.301329126	1.406666667	0.234833333	0	1	28.3	0	1.8	5.8	0.2	7	0	53.33333333	10.66666667	4.666666667	72.66666667	469.5	85.5	229.5	45	4987.5	2.049941319	14.87	17.94449922	9.473555472	222.2166667	7.162	281.4366483	23.16971845	2002.733333	174.7696367	0.427080436	30.87	0.345246963	0.184	0.010623791	18.587073	NA	NA	0.0003785	-1.536208077	0.102940663	-0.981519439
SEG19	0.819166667	0.6225	0	18.27272727	3.179213587	2.055833333	0.221166667	0	3	16.9	0.1	0.7	3.5	0.8	3	0	62	10	10.33333333	77.33333333	406	93	169	68.5	5313	4.041947375	75.74	111.4248877	23.28867995	315.6833333	15.892	293.5359439	1200.649926	2008.639494	189.5784322	0.414927067	28.7	-0.237638051	0.952	0.008932437	13.10804775	NA	26	0.005144	0.58005061	0.224779382	0.43425937
SEG20	2.24	0.5525	0	18.90909091	3.219644325	2.588666667	0.258	0	1	16.7	0.3	0.3	4.6	1.1	1	0	76	16.66666667	6	75.66666667	483	116.5	236	73	6488	11.02908129	269.5	195.2098669	43.33456203	223.45	8.352	325.8349923	1360.75407	1174.799585	188.9137875	0.452739027	NA	-0.546352711	NA	0.012914798	NA	NA	63	0.00014475	2.418175241	1.623902621	1.544367977
SEG21	2.693333333	0.303333333	0	21.45454545	3.134713687	2.665666667	0.294166667	0	1	18.3	0.1	0.6	5.3	1.1	5	0	80.33333333	16.33333333	4	76.33333333	520.5	117.5	243.5	67.5	5344	13.29202589	280.3	78.46469523	22.63924738	345.7222222	14.442	346.9379899	240.2874576	1923.532596	189.5743464	0.495400761	34.1	-0.239681706	NA	0.014417468	NA	NA	NA	0.00395035	0.658878973	0.492235171	0.667837338
SEG22	2.5925	0	0	20.09090909	3.284522253	1.958833333	0.271166667	0	1	15.7	0.1	1	2.8	0.5	9	0	73.33333333	14.33333333	14	82.66666667	396.5	108.5	189	61.5	5379.5	4.758938055	63.35	148.9471246	40.07365962	275.8388889	8.702	284.1821311	1154.054256	2022.333333	188.5762449	0.496202489	34.1	0.235034196	1	0.025270882	20.529006	NA	81	0.0963425	0.48328133	0.016098393	-0.236640959
SEG23	0	2.035	0.918333333	14.63636364	3.184609283	2.45	0.2665	0	0	17.6	0	0.7	3.8	1.4	5	0	63	9.666666667	2.333333333	62.33333333	328	75.5	151	42	5069.5	12.44068045	292.9	59.68923757	12.1198225	265.4277778	11.432	282.0902162	86.30864166	1975.733333	184.2530796	0.358781276	NA	-0.213083859	0.992	0.004522441	NA	1	5	0.01824725	0.789913579	0.301845032	-0.38632881
SEG24	0.008333333	1.006666667	0	22.63636364	2.995830049	2.618	0.209333333	0	3	15.3	0.4	1.3	5.1	0.8	6	0	51.66666667	11.66666667	8.666666667	54.66666667	435.5	113	225.5	66.5	6268.5	7.857742911	203.3	249.6011658	48.98395036	130.3911111	3.992	294.0891211	2525.633554	1951.15151	190.4479286	0.32054493	28.8	-0.24036016	0.992	0.029857508	10.19514825	1	131	0.0001775	0.510105636	1.442112418	1.943021199
SEG25	0	1.875833333	0	21.54545455	3.355132288	2.725166667	0.258166667	0	1	22	0	0.8	5.9	1.4	10	0	74.66666667	13	11.66666667	79	435	112	216.5	70	5998.5	9.426171428	197.8	108.3169427	39.73188112	101.15	3.362	336.3661519	1417.26767	1835.466667	188.83932	0.412411345	26.63	-0.028213505	0.432	0.031634731	10.541922	3	227	0.0015675	-0.10072229	2.96516307	2.066597092
SEG26	0	1.801666667	0.918333333	21.09090909	3.302174204	2.4585	0.223833333	0	1	15.9	0.2	0.6	3.9	1.4	2	0	73.33333333	21	9.333333333	91.66666667	458.5	107.5	234.5	71.5	6067.5	10.72648344	297.1	192.7312084	60.8655941	157.8388889	10.352	306.7831144	2825.30746	2028.175577	180.5354697	0.460482754	25.45	0.09934362	1	0.010543911	17.40804225	NA	205	0.0002725	0.73800267	1.742154026	4.103077975
SEG27	0	1.020833333	0	16.27272727	3.164904177	2.567666667	0.267	0	2	20.2	0	1.2	5.9	0.8	4	0	61.33333333	17.33333333	3.333333333	70.33333333	519.5	124.5	265.5	60	6411	10.02866496	359.5	123.9094782	53.30231634	146.1277778	1.252	307.6109128	1276.896239	1864.766667	187.4926514	0.418265784	29.05	0.030395137	0.96	0.048467005	NA	NA	NA	0.0017125	2.135285585	1.762419999	1.04165554
SEG28	0.008333333	1.165833333	0	15.81818182	3.274746758	2.695	0.268666667	0	2	18.4	0.3	1.2	6.4	0.8	4	0	60	13.66666667	7.666666667	73.66666667	424	111	224	70.5	6120	7.710131173	145.3	167.7071661	18.10677185	194.2333333	1.046	292.044868	1738.332732	1895.015799	187.5317169	0.383828775	32.65	-0.154991672	0.944	0.042051607	13.24675725	4	151	1.58E-05	0.929253545	1.441877245	0.980303377
SEG29	0.065833333	0.705	0	21.18181818	3.160637121	2.128166667	0.206166667	0	1	16.4	0.3	0.9	4.9	1	5	0	52.33333333	10.66666667	16	77.66666667	369.5	102	197.5	72	6154	5.695284793	131.6	181.3047108	49.42039186	172.4222222	4.182	281.399504	1825.289354	1999.904504	188.5198865	0.452890782	32.65	-0.209048853	1	0.042794147	14.91127125	12	67	0.006732	1.030348621	0.808111877	0.47601774
SEG30	0	1.65	0	25.18181818	3.293224427	1.435166667	0.251166667	0	1	17.8	0	1.7	3.6	0.7	4	1	71.33333333	14.66666667	3	82	424	107.5	232.5	62	4941	3.467117785	29.4	57.17025344	19.83879966	275.4666667	9.772	299.4810425	500.9082083	1982.280649	178.361205	0.434349306	28.17	-0.045104566	1	0.01763042	13.7322405	20	14	0.01489	-0.150406958	0.04093812	-0.023994578
SEG31	0	1.65	0	24.27272727	3.206491502	1.791	0.226833333	0	3	22.9	0	1.5	4.1	1.2	5	0	54.66666667	10	2	53.33333333	472	105.5	246	56.5	4612	3.284302184	28.43	40.03523739	16.9835751	222.0055556	12.972	268.6875897	184.2902016	1960.933333	183.1605033	0.387761101	28.1	0.103678666	1	0.016219396	29.33705925	4	213	0.02285225	-0.897762457	0.072306575	-0.841815958
SEG32	0	1.65	0	23.54545455	3.166947305	1.545833333	0.226	0	1	21.5	0	1.3	3	1.4	3	1	54	10.66666667	4	66.33333333	535	116.5	283.5	70	4265	2.874467288	24.18	29.90367359	11.90209191	273.75	6.472	304.2141201	215.1937605	1994.4	185.661522	0.375834237	30.13	0.030482352	0.984	0.029348154	NA	20	39	0.0086411	-0.936332808	0.067777079	-0.681442614
SEG33	2.201666667	0.381666667	0.849166667	23.5	3.257909657	1.9992	0.2662	0	1	20.2	0	1.4	5.2	0.5	7	0	70	15.33333333	3.333333333	59.66666667	465.5	112.5	214.5	56	4704	2.313465238	18.22	31.61685129	12.87170874	447.1	4.972	309.7108319	232.9129427	1793.633333	159.464696	0.516571074	28.5	-0.003088424	NA	0.026133517	15.32739975	4	184	0.031856	-1.177324245	0.297007846	-0.409984981
SEG34	1.2825	0.61	1.42	25.36363636	3.275367317	1.886333333	0.277	0	1	18.77777778	0	1.444444444	3.555555556	0.777777778	7	2	79	17.66666667	8.666666667	77	507	118.5	257.5	59	4803	2.320555785	18.41	26.99441913	13.18538583	312.5666667	6.282	283.5628244	209.3621991	1952.276424	170.2925989	0.535977389	25.93	-0.437324066	NA	0.014260872	NA	26	NA	0.0551555	-0.935180729	0.321566744	-0.578780165
SEG35	1.088333333	0.773333333	1.42	22.18181818	3.201536673	1.779666667	0.2345	0	0	21.77777778	0	0.888888889	4.888888889	0.555555556	6	1	61.33333333	15.33333333	4.333333333	68.33333333	492.5	126	233	65	4303.5	2.909715307	22.83	33.85081234	15.12572829	277.75	13.822	304.4087803	259.0192481	1926.85	171.5760999	0.539273036	19.5	-0.305440807	NA	0.0055461	NA	1	123	0.008642	-0.716616579	0.119555044	-0.395890465
SEG36	2.123333333	0.461666667	0	24.54545455	3.192490825	2.23	0.301166667	0	1	20.77777778	0.111111111	0.888888889	5.333333333	0.777777778	8	0	80	17	4.666666667	67	527.5	128.5	241.5	68.5	4406.5	2.537922745	24.28	47.4761731	11.58019695	311.2222222	5.662	319.8363371	386.4985777	1888.806743	182.9583068	0.522069021	25.06	0.255514505	NA	0.024513803	12.8999835	25	402	0.01419	-1.1506953	0.222648361	-0.377881082
SEG37	2.486666667	0.323333333	0	32.09090909	3.115465402	1.6352	0.235	0	4	26.5	0.2	2.3	5.5	1	7	0	76	17.66666667	7.666666667	98.33333333	421.5	102	196.5	43.5	3552.5	1.64159713	12.22	14.94849466	26.04923877	144.3	10.442	309.5400005	90.20689633	1978.866667	140.8474699	0.417354339	27.75	0.065685743	0.184	0.012999596	NA	5	283	8.00E-05	-1.634071723	0.11217069	-1.006011227
SEG38	4.595833333	0.861666667	0	28.18181818	3.173022374	1.849833333	0.253166667	0	2	24.1	0	2.1	6.3	0.5	3	0	57.66666667	11.66666667	7.333333333	77.66666667	568.5	122.5	263	62.5	3921	2.859664977	22.82	23.73672487	14.94871657	248.0222222	14.372	346.3851858	223.1611003	2013	171.7420749	0.394572963	27.75	-0.059760575	NA	0.003584318	NA	NA	201	0.0002335	-1.244991135	0.181347265	-0.708046868
SEG39	0.708333333	0.921666667	0.156666667	26.36363636	3.167132634	1.856666667	0.272333333	0	1	24	0	1.444444444	5.666666667	0.888888889	4	1	52	10.66666667	2.666666667	58	405.5	105	205	64.5	4607.5	2.28596286	16.87	36.7893661	16.63712129	159.9888889	4.352	289.2770433	446.287924	2018.333333	190.3239702	0.546154187	NA	0.110779961	0.88	0.019195753	17.96288025	NA	148	0.001229	-1.090144567	0.107889341	-0.13718718
SEG40	3.7025	0	0	29.27272727	3.129524055	2.140833333	0.2795	0	0	22.6	0.3	1.5	4.6	1.4	9	1	48	11	1.666666667	50.33333333	520	112.5	223	69.5	4155	2.714630854	21.3	52.83548422	10.46471796	221.7111111	12.882	283.0536629	303.9061739	1441.671393	171.5072013	0.547324254	24.31	-0.224112186	0.728	0.012274951	10.61127675	89	162	0.0003425	-1.241336419	0.236713354	0.06784765
SEG41	3.95	0.238333333	0	24.81818182	3.1569959	1.6794	0.2634	0	1	24.1	0	1.7	5.6	1.6	9	1	69	14	3.666666667	59.66666667	494	99.5	238.5	64.5	4223	2.607926445	20.73	26.57768297	11.8849413	391.95625	12.392	296.6912332	247.7595078	1659.270721	177.8778672	0.323764469	19.5	-0.084282982	0.576	0.052664513	NA	39	47	0.00092725	-1.483700041	0.127751341	-0.750797121
SEG42	5.285	0	0.440833333	26.18181818	3.212183802	3.042166667	0.323	0	1	33.3	0.2	1.4	3.3	0.3	6	1	76	17.33333333	8.666666667	77.33333333	532	119	245.5	71	4150	2.554676175	18.64	25.64567053	15.04453169	267.4944444	3.122	305.899977	133.5183435	1946.766667	118.8411439	0.534290815	21.23	0.159841806	NA	0.018328514	9.08547225	NA	60	0.0087875	-1.48674937	0.256154408	-0.685801201
SEG43	2.401666667	0	0.948333333	24.63636364	3.21756733	2.143333333	0.291	0	1	28.2	0.3	1.1	4.6	0.9	6	0	67.66666667	12.66666667	4	75.33333333	498.5	119.5	246.5	71	4269	2.417242406	19.51	31.66669077	14.52065267	252.4555556	11.292	279.8043743	421.3039381	1873	0	0.390153946	26.04	-0.178113306	0.584	0.046290454	11.99837175	NA	125	0.001714	-1.065543134	0.17268006	-0.169544896
SEG44	1.974166667	0	0.316666667	24.36363636	3.184255933	2.035833333	0.290166667	0	1	24.2	0	0.7	4.6	0.8	6	1	70	10.66666667	4	69.66666667	536	123.5	256	76	3974.5	2.77754968	21.83	35.85276344	15.58902436	267.7944444	9.352	288.5094488	247.2926331	2005.823615	180.9293851	0.508177068	NA	0.086031538	0.416	0.029992336	14.980626	17	38	0.0001435	-1.264909109	0.333290482	-0.057964593
SEG45	1.749166667	0	0	28.54545455	3.170223279	1.985833333	0.291166667	0	1	25.8	0.1	1.6	5.3	0.9	3	0	110.3333333	22.33333333	7	118.3333333	519.5	125	233.5	70	4421.5	2.0977316	18.91	29.98836911	12.02022685	288.1944444	15.652	280.8048962	158.7884389	1997.799353	144.0081296	0.45536223	23	0.171913535	1	0.009369046	13.316112	17	25	0.0239496	-1.368718576	0.285309596	-0.648717927
SEG46	4.1975	0.533333333	0	20.27272727	3.199950507	2.3245	0.298333333	0	2	16	0	0.8	4.5	0.6	3	0	60.66666667	12.33333333	4	62.33333333	529.5	117.5	252	71.5	4248	2.614828665	24.3	50.52274986	22.103415	297.2777778	18.722	299.8987	485.5107697	1827.566667	174.8212175	0.487831712	23	1.075364205	NA	0.019848863	21.01448925	3	56	0.0715515	-1.219756651	0.1272848	-0.407668203
SEG47	2.161666667	0.540833333	0	23	3.178276177	2.196666667	0.281333333	0	1	26	0	1.555555556	5.111111111	1	8	0	97.33333333	18.33333333	10.66666667	98.66666667	478.5	115	238	71	4149.5	2.873515468	23.03	37.73271271	12.92603418	310.9388889	4.152	293.2885992	260.9409337	1218.714397	168.6965445	0.303257391	27.1	0.499959335	NA	0.01704344	NA	5	NA	0.00038525	-1.033274413	0.240660567	-0.44307553
SEG48	3.12	0.230833333	0	28	3.146748224	1.736166667	0.232166667	0	1	20.9	0.2	1.6	4	0.6	9	0	72.66666667	16.66666667	6	80.33333333	501.5	105.5	258.5	75	4546	2.357453027	17.54	37.00744258	11.64219142	251.8722222	9.442	350.8771904	360.0140951	2007.638026	184.7949832	0.578984919	28.9	0.632455356	0.248	0.009735604	17.3386875	2	80	0.0022425	-1.270413955	0.088875442	-0.480000982
SEG49	2.720833333	0.223333333	0	31.09090909	3.190264092	1.822833333	0.263333333	0	1	22.3	0.1	1.5	3.7	0.7	8	1	81.66666667	16.33333333	3.666666667	86.66666667	516	129.5	238.5	69.5	5372.5	2.324871882	20.98	36.6395776	16.06588667	347.2055556	8.812	280.1942398	306.5719044	1977.599419	186.2237297	0.405357472	27.78	0.005924453	0.464	0.005247223	NA	77	129	0.000745	-1.233159268	0.31826216	-0.515003937
SEG50	2.040833333	0.228333333	0	30.72727273	3.185969684	2.129333333	0.277166667	0	2	25.8	0	1.8	6.1	1.7	4	0	81	15.33333333	7.333333333	79.33333333	550	112.5	269.5	64	4001.5	2.548381791	23.05	29.5378081	12.94615349	343.5055556	60.242	310.8427115	168.6595886	1873.133333	182.4117209	0.39463135	27.03	0.061969891	0.736	0.01500134	NA	NA	NA	0.00016975	-1.230693187	0.195097758	-0.694792004
